Вектори:
(-376.0, -648.0, -25.0)
(-157.0, -991.0, 598.0)
(916.0)
(-255.0, -494.0, -266.0, -840.0, 171.0, 902.0, -554.0, 691.0, -735.0, 3.0)
(-206.0, -848.0, -464.0, -575.0)
(358.0, 407.0, 205.0)
(48.0, 773.0, -427.0)
(-966.0, 165.0, 375.0, 802.0, -531.0, 405.0, 18.0)
(-758.0, 165.0, -430.0, 226.0, 824.0, 774.0, 430.0, 841.0, -545.0)
(-652.0, 74.0, -708.0, -706.0, -875.0, -994.0, 935.0, 943.0)

1) Найбільша розмірність: (-255.0, -494.0, -266.0, -840.0, 171.0, 902.0, -554.0, 691.0, -735.0, 3.0)
2) Найбільша довжина: (-652.0, 74.0, -708.0, -706.0, -875.0, -994.0, 935.0, 943.0)
3) Середня довжина: 1276.6876601078898
4) Кількість довших за середню: 4
5) Макс компонента: (-652.0, 74.0, -708.0, -706.0, -875.0, -994.0, 935.0, 943.0)
6) Мін компонента: (-652.0, 74.0, -708.0, -706.0, -875.0, -994.0, 935.0, 943.0)
